255 255 255 255 205 255 255 255 220 242 255 255 255 224 196 249
255 255 255 255 205 255 255 255 220 242 255 255 255 224 196 249
255 255 255 255 205 255 255 255 220 242 255 255 255 224 196 249
255 255 255 255 205 255 255 255 220 242 255 255 255 224 196 249
205 205 205 205 239 205 205 205 229 214 205 205 205 227 246 209
255 255 255 255 205 255 255 255 220 242 255 255 255 224 196 249
255 255 255 255 205 255 255 255 220 242 255 255 255 224 196 249
255 255 255 255 205 255 255 255 220 242 255 255 255 224 196 249
220 220 220 220 229 220 220 220 227 222 220 220 220 226 231 221
242 242 242 242 214 242 242 242 222 235 242 242 242 224 209 239
255 255 255 255 205 255 255 255 220 242 255 255 255 224 196 249
255 255 255 255 205 255 255 255 220 242 255 255 255 224 196 249
255 255 255 255 205 255 255 255 220 242 255 255 255 224 196 249
224 224 224 224 227 224 224 224 226 224 224 224 224 226 227 224
196 196 196 196 246 196 196 196 231 209 196 196 196 227 255 202
249 249 249 249 209 249 249 249 221 239 249 249 249 224 202 245
255 255 255 255 134 255 255 255 170 224 255 255 255 179 112 242
255 255 255 255 134 255 255 255 170 224 255 255 255 179 112 242
255 255 255 255 134 255 255 255 170 224 255 255 255 179 112 242
255 255 255 255 134 255 255 255 170 224 255 255 255 179 112 242
134 134 134 134 217 134 134 134 193 156 134 134 134 187 233 144
255 255 255 255 134 255 255 255 170 224 255 255 255 179 112 242
255 255 255 255 134 255 255 255 170 224 255 255 255 179 112 242
255 255 255 255 134 255 255 255 170 224 255 255 255 179 112 242
170 170 170 170 193 170 170 170 186 176 170 170 170 184 197 173
224 224 224 224 156 224 224 224 176 206 224 224 224 181 143 216
255 255 255 255 134 255 255 255 170 224 255 255 255 179 112 242
255 255 255 255 134 255 255 255 170 224 255 255 255 179 112 242
255 255 255 255 134 255 255 255 170 224 255 255 255 179 112 242
179 179 179 179 187 179 179 179 184 181 179 179 179 184 188 180
112 112 112 112 233 112 112 112 197 143 112 112 112 188 255 125
242 242 242 242 144 242 242 242 173 216 242 242 242 180 125 231
255 255 255 255  95 255 255 255 142 213 255 255 255 154  65 237
255 255 255 255  95 255 255 255 142 213 255 255 255 154  65 237
255 255 255 255  95 255 255 255 142 213 255 255 255 154  65 237
255 255 255 255  95 255 255 255 142 213 255 255 255 154  65 237
 95  95  95  95 205  95  95  95 172 123  95  95  95 164 225 107
255 255 255 255  95 255 255 255 142 213 255 255 255 154  65 237
255 255 255 255  95 255 255 255 142 213 255 255 255 154  65 237
255 255 255 255  95 255 255 255 142 213 255 255 255 154  65 237
142 142 142 142 172 142 142 142 163 150 142 142 142 161 178 146
213 213 213 213 123 213 213 213 150 190 213 213 213 157 107 203
255 255 255 255  95 255 255 255 142 213 255 255 255 154  65 237
255 255 255 255  95 255 255 255 142 213 255 255 255 154  65 237
255 255 255 255  95 255 255 255 142 213 255 255 255 154  65 237
154 154 154 154 164 154 154 154 161 157 154 154 154 160 166 155
 65  65  65  65 225  65  65  65 178 107  65  65  65 166 255  83
237 237 237 237 107 237 237 237 146 203 237 237 237 155  83 223

251 251 251 242 206 235 251 244 214 232 250 251 251 228 210 247
207 207 207 212 238 216 207 211 232 219 207 207 207 222 234 210
228 228 228 227 223 225 228 227 223 225 228 228 228 225 222 228
255 255 255 245 203 237 255 248 213 234 255 255 255 228 207 251
255 255 255 245 203 237 255 248 213 234 255 255 255 228 207 251
255 255 255 245 203 236 255 247 213 233 254 255 255 228 207 250
234 234 234 231 217 228 234 231 220 227 233 234 234 225 219 232
213 213 213 216 234 219 213 215 230 220 213 213 213 223 232 214
248 248 248 240 208 234 248 242 215 231 247 248 248 227 211 244
255 255 255 245 203 237 255 248 213 234 255 255 255 228 207 251
237 237 237 232 214 229 237 234 219 228 236 237 237 225 216 235
203 203 203 209 242 214 203 208 234 217 203 203 203 223 238 206
245 245 245 239 209 232 245 240 216 231 245 245 245 227 212 242
255 255 255 245 203 237 255 248 213 234 255 255 255 228 207 251
255 255 255 245 203 237 255 248 213 234 255 255 255 228 207 251
255 255 255 245 203 237 255 248 213 234 255 255 255 228 207 251
244 244 244 225 137 208 244 229 157 201 244 244 244 189 146 235
140 140 140 153 214 163 140 150 200 169 140 140 140 177 207 146
191 191 191 188 177 185 191 189 179 184 191 191 191 183 177 189
255 255 255 233 129 212 255 238 153 204 254 255 255 191 140 244
255 255 255 233 129 212 255 238 153 204 254 255 255 191 140 244
254 254 254 232 130 212 254 237 153 204 253 254 254 191 140 244
204 204 204 197 166 191 204 199 173 189 204 204 204 184 169 201
153 153 153 161 206 169 153 160 196 173 153 153 153 179 200 157
238 238 238 221 142 205 238 224 160 199 237 238 238 189 150 229
255 255 255 233 129 212 255 238 153 204 254 255 255 191 140 244
212 212 212 203 159 194 212 205 169 191 212 212 212 185 163 208
129 129 129 145 224 159 129 142 206 166 130 129 129 177 214 137
233 233 233 217 145 203 233 221 161 197 232 233 233 188 153 225
255 255 255 233 129 212 255 238 153 204 254 255 255 191 140 244
255 255 255 233 129 212 255 238 153 204 254 255 255 191 140 244
255 255 255 233 129 212 255 238 153 204 254 255 255 191 140 244
241 241 241 216  98 193 241 221 125 184 240 241 241 168 111 229
103 103 103 120 202 134 103 115 182 141 103 103 103 153 192 111
170 170 170 166 152 163 170 167 155 162 170 170 170 161 153 168
255 255 255 225  88 199 255 232 119 188 254 255 255 170 103 241
255 255 255 225  88 199 255 232 119 188 254 255 255 170 103 241
254 254 254 225  88 198 254 231 119 188 253 254 254 170 103 240
188 188 188 179 136 170 188 181 146 167 188 188 188 162 141 184
119 119 119 131 190 141 119 128 176 146 119 119 119 155 182 125
232 232 232 209 104 189 232 214 128 181 231 232 232 167 115 221
255 255 255 225  88 199 255 232 119 188 254 255 255 170 103 241
199 199 199 186 128 175 199 189 141 170 198 199 199 163 134 193
 88  88  88 109 215 128  88 104 190 136  88  88  88 152 202  98
225 225 225 205 109 186 225 209 131 179 225 225 225 166 120 216
255 255 255 225  88 199 255 232 119 188 254 255 255 170 103 241
255 255 255 225  88 199 255 232 119 188 254 255 255 170 103 241
255 255 255 225  88 199 255 232 119 188 254 255 255 170 103 241

247 210 228 251 251 250 232 214 244 251 235 206 242 251 251 251
210 234 222 207 207 207 219 232 211 207 216 238 212 207 207 207
228 222 225 228 228 228 225 223 227 228 225 223 227 228 228 228
251 207 228 255 255 255 234 213 248 255 237 203 245 255 255 255
251 207 228 255 255 255 234 213 248 255 237 203 245 255 255 255
250 207 228 255 255 254 233 213 247 255 236 203 245 255 255 255
232 219 225 234 234 233 227 220 231 234 228 217 231 234 234 234
214 232 223 213 213 213 220 230 215 213 219 234 216 213 213 213
244 211 227 248 248 247 231 215 242 248 234 208 240 248 248 248
251 207 228 255 255 255 234 213 248 255 237 203 245 255 255 255
235 216 225 237 237 236 228 219 234 237 229 214 232 237 237 237
206 238 223 203 203 203 217 234 208 203 214 242 209 203 203 203
242 212 227 245 245 245 231 216 240 245 232 209 239 245 245 245
251 207 228 255 255 255 234 213 248 255 237 203 245 255 255 255
251 207 228 255 255 255 234 213 248 255 237 203 245 255 255 255
251 207 228 255 255 255 234 213 248 255 237 203 245 255 255 255
235 146 189 244 244 244 201 157 229 244 208 137 225 244 244 244
146 207 177 140 140 140 169 200 150 140 163 214 153 140 140 140
189 177 183 191 191 191 184 179 189 191 185 177 188 191 191 191
244 140 191 255 255 254 204 153 238 255 212 129 233 255 255 255
244 140 191 255 255 254 204 153 238 255 212 129 233 255 255 255
244 140 191 254 254 253 204 153 237 254 212 130 232 254 254 254
201 169 184 204 204 204 189 173 199 204 191 166 197 204 204 204
157 200 179 153 153 153 173 196 160 153 169 206 161 153 153 153
229 150 189 238 238 237 199 160 224 238 205 142 221 238 238 238
244 140 191 255 255 254 204 153 238 255 212 129 233 255 255 255
208 163 185 212 212 212 191 169 205 212 194 159 203 212 212 212
137 214 177 129 129 130 166 206 142 129 159 224 145 129 129 129
225 153 188 233 233 232 197 161 221 233 203 145 217 233 233 233
244 140 191 255 255 254 204 153 238 255 212 129 233 255 255 255
244 140 191 255 255 254 204 153 238 255 212 129 233 255 255 255
244 140 191 255 255 254 204 153 238 255 212 129 233 255 255 255
229 111 168 241 241 240 184 125 221 241 193  98 216 241 241 241
111 192 153 103 103 103 141 182 115 103 134 202 120 103 103 103
168 153 161 170 170 170 162 155 167 170 163 152 166 170 170 170
241 103 170 255 255 254 188 119 232 255 199  88 225 255 255 255
241 103 170 255 255 254 188 119 232 255 199  88 225 255 255 255
240 103 170 254 254 253 188 119 231 254 198  88 225 254 254 254
184 141 162 188 188 188 167 146 181 188 170 136 179 188 188 188
125 182 155 119 119 119 146 176 128 119 141 190 131 119 119 119
221 115 167 232 232 231 181 128 214 232 189 104 209 232 232 232
241 103 170 255 255 254 188 119 232 255 199  88 225 255 255 255
193 134 163 199 199 198 170 141 189 199 175 128 186 199 199 199
 98 202 152  88  88  88 136 190 104  88 128 215 109  88  88  88
216 120 166 225 225 225 179 131 209 225 186 109 205 225 225 225
241 103 170 255 255 254 188 119 232 255 199  88 225 255 255 255
241 103 170 255 255 254 188 119 232 255 199  88 225 255 255 255
241 103 170 255 255 254 188 119 232 255 199  88 225 255 255 255

251 207 228 255 255 255 234 213 248 255 237 203 245 255 255 255
251 207 228 255 255 255 234 213 248 255 237 203 245 255 255 255
251 207 228 255 255 255 234 213 248 255 237 203 245 255 255 255
242 212 227 245 245 245 231 216 240 245 232 209 239 245 245 245
206 238 223 203 203 203 217 234 208 203 214 242 209 203 203 203
235 216 225 237 237 236 228 219 234 237 229 214 232 237 237 237
251 207 228 255 255 255 234 213 248 255 237 203 245 255 255 255
244 211 227 248 248 247 231 215 242 248 234 208 240 248 248 248
214 232 223 213 213 213 220 230 215 213 219 234 216 213 213 213
232 219 225 234 234 233 227 220 231 234 228 217 231 234 234 234
250 207 228 255 255 254 233 213 247 255 236 203 245 255 255 255
251 207 228 255 255 255 234 213 248 255 237 203 245 255 255 255
251 207 228 255 255 255 234 213 248 255 237 203 245 255 255 255
228 222 225 228 228 228 225 223 227 228 225 223 227 228 228 228
210 234 222 207 207 207 219 232 211 207 216 238 212 207 207 207
247 210 228 251 251 250 232 214 244 251 235 206 242 251 251 251
244 140 191 255 255 254 204 153 238 255 212 129 233 255 255 255
244 140 191 255 255 254 204 153 238 255 212 129 233 255 255 255
244 140 191 255 255 254 204 153 238 255 212 129 233 255 255 255
225 153 188 233 233 232 197 161 221 233 203 145 217 233 233 233
137 214 177 129 129 130 166 206 142 129 159 224 145 129 129 129
208 163 185 212 212 212 191 169 205 212 194 159 203 212 212 212
244 140 191 255 255 254 204 153 238 255 212 129 233 255 255 255
229 150 189 238 238 237 199 160 224 238 205 142 221 238 238 238
157 200 179 153 153 153 173 196 160 153 169 206 161 153 153 153
201 169 184 204 204 204 189 173 199 204 191 166 197 204 204 204
244 140 191 254 254 253 204 153 237 254 212 130 232 254 254 254
244 140 191 255 255 254 204 153 238 255 212 129 233 255 255 255
244 140 191 255 255 254 204 153 238 255 212 129 233 255 255 255
189 177 183 191 191 191 184 179 189 191 185 177 188 191 191 191
146 207 177 140 140 140 169 200 150 140 163 214 153 140 140 140
235 146 189 244 244 244 201 157 229 244 208 137 225 244 244 244
241 103 170 255 255 254 188 119 232 255 199  88 225 255 255 255
241 103 170 255 255 254 188 119 232 255 199  88 225 255 255 255
241 103 170 255 255 254 188 119 232 255 199  88 225 255 255 255
216 120 166 225 225 225 179 131 209 225 186 109 205 225 225 225
 98 202 152  88  88  88 136 190 104  88 128 215 109  88  88  88
193 134 163 199 199 198 170 141 189 199 175 128 186 199 199 199
241 103 170 255 255 254 188 119 232 255 199  88 225 255 255 255
221 115 167 232 232 231 181 128 214 232 189 104 209 232 232 232
125 182 155 119 119 119 146 176 128 119 141 190 131 119 119 119
184 141 162 188 188 188 167 146 181 188 170 136 179 188 188 188
240 103 170 254 254 253 188 119 231 254 198  88 225 254 254 254
241 103 170 255 255 254 188 119 232 255 199  88 225 255 255 255
241 103 170 255 255 254 188 119 232 255 199  88 225 255 255 255
168 153 161 170 170 170 162 155 167 170 163 152 166 170 170 170
111 192 153 103 103 103 141 182 115 103 134 202 120 103 103 103
229 111 168 241 241 240 184 125 221 241 193  98 216 241 241 241
